Result matrix C:
1240.00 1120.00 1000.00 880.00 760.00 640.00 520.00 400.00 280.00 160.00 40.00 -80.00 -200.00 -320.00 -440.00 -560.00 
1360.00 1224.00 1088.00 952.00 816.00 680.00 544.00 408.00 272.00 136.00 0.00 -136.00 -272.00 -408.00 -544.00 -680.00 
1480.00 1328.00 1176.00 1024.00 872.00 720.00 568.00 416.00 264.00 112.00 -40.00 -192.00 -344.00 -496.00 -648.00 -800.00 
1600.00 1432.00 1264.00 1096.00 928.00 760.00 592.00 424.00 256.00 88.00 -80.00 -248.00 -416.00 -584.00 -752.00 -920.00 
1720.00 1536.00 1352.00 1168.00 984.00 800.00 616.00 432.00 248.00 64.00 -120.00 -304.00 -488.00 -672.00 -856.00 -1040.00 
1840.00 1640.00 1440.00 1240.00 1040.00 840.00 640.00 440.00 240.00 40.00 -160.00 -360.00 -560.00 -760.00 -960.00 -1160.00 
1960.00 1744.00 1528.00 1312.00 1096.00 880.00 664.00 448.00 232.00 16.00 -200.00 -416.00 -632.00 -848.00 -1064.00 -1280.00 
2080.00 1848.00 1616.00 1384.00 1152.00 920.00 688.00 456.00 224.00 -8.00 -240.00 -472.00 -704.00 -936.00 -1168.00 -1400.00 
2200.00 1952.00 1704.00 1456.00 1208.00 960.00 712.00 464.00 216.00 -32.00 -280.00 -528.00 -776.00 -1024.00 -1272.00 -1520.00 
2320.00 2056.00 1792.00 1528.00 1264.00 1000.00 736.00 472.00 208.00 -56.00 -320.00 -584.00 -848.00 -1112.00 -1376.00 -1640.00 
2440.00 2160.00 1880.00 1600.00 1320.00 1040.00 760.00 480.00 200.00 -80.00 -360.00 -640.00 -920.00 -1200.00 -1480.00 -1760.00 
2560.00 2264.00 1968.00 1672.00 1376.00 1080.00 784.00 488.00 192.00 -104.00 -400.00 -696.00 -992.00 -1288.00 -1584.00 -1880.00 
2680.00 2368.00 2056.00 1744.00 1432.00 1120.00 808.00 496.00 184.00 -128.00 -440.00 -752.00 -1064.00 -1376.00 -1688.00 -2000.00 
2800.00 2472.00 2144.00 1816.00 1488.00 1160.00 832.00 504.00 176.00 -152.00 -480.00 -808.00 -1136.00 -1464.00 -1792.00 -2120.00 
2920.00 2576.00 2232.00 1888.00 1544.00 1200.00 856.00 512.00 168.00 -176.00 -520.00 -864.00 -1208.00 -1552.00 -1896.00 -2240.00 
3040.00 2680.00 2320.00 1960.00 1600.00 1240.00 880.00 520.00 160.00 -200.00 -560.00 -920.00 -1280.00 -1640.00 -2000.00 -2360.00 
